340282366920938463463374607431768211507
1
1
5 1
1 
1 
1 
1 
1 

5
1 1 1 1 1 
0 0
5 5
1 0 0 0 0 
-1 1 0 0 0 
-1 0 1 0 0 
-1 0 0 1 0 
-1 0 0 0 1 

1 0 0 0 0 
0 1 0 0 0 
0 0 1 0 0 
0 0 0 1 0 
0 0 0 0 1 
1
1 
1
1 
1
1 
1
1 
1
1 
5 1
1 
1 
1 
1 
1 

5 1
1 
1 
1 
1 
1 

5 1
1 
1 
1 
1 
1 

5 1
1 
1 
1 
1 
1 

5 1
1 
1 
1 
1 
1 

5 5
1 0 0 0 0 
0 1 0 0 0 
0 0 1 0 0 
0 0 0 1 0 
0 0 0 0 1 

5
1 1
1 

1 1
1 

1 1
0 

1 1
0 

1 1
0 

1 1
0 

1 1
0 

1 1
0 

1 1
0 

1 1
0 


1 
1 
1 
1 
1 
5
0

0

0

1 5
0 0 0 0 0 

1

